(kicad_pcb (version 20171130) (host pcbnew 5.0.2+dfsg1-1)

  (general
    (thickness 1.6)
    (drawings 13)
    (tracks 136)
    (zones 0)
    (modules 16)
    (nets 59)
  )

  (page A4)
  (layers
    (0 F.Cu signal)
    (31 B.Cu signal)
    (32 B.Adhes user)
    (33 F.Adhes user)
    (34 B.Paste user)
    (35 F.Paste user)
    (36 B.SilkS user)
    (37 F.SilkS user)
    (38 B.Mask user)
    (39 F.Mask user)
    (40 Dwgs.User user)
    (41 Cmts.User user)
    (42 Eco1.User user)
    (43 Eco2.User user)
    (44 Edge.Cuts user)
    (45 Margin user)
    (46 B.CrtYd user)
    (47 F.CrtYd user)
    (48 B.Fab user)
    (49 F.Fab user)
  )

  (setup
    (last_trace_width 0.25)
    (user_trace_width 0.5)
    (trace_clearance 0.2)
    (zone_clearance 0.508)
    (zone_45_only no)
    (trace_min 0.2)
    (segment_width 0.2)
    (edge_width 0.15)
    (via_size 0.8)
    (via_drill 0.4)
    (via_min_size 0.4)
    (via_min_drill 0.3)
    (uvia_size 0.3)
    (uvia_drill 0.1)
    (uvias_allowed no)
    (uvia_min_size 0.2)
    (uvia_min_drill 0.1)
    (pcb_text_width 0.3)
    (pcb_text_size 1.5 1.5)
    (mod_edge_width 0.15)
    (mod_text_size 1 1)
    (mod_text_width 0.15)
    (pad_size 1.524 1.524)
    (pad_drill 0.762)
    (pad_to_mask_clearance 0.051)
    (solder_mask_min_width 0.25)
    (aux_axis_origin 94.5 55)
    (grid_origin 94.5 55)
    (visible_elements FFFFFF7F)
    (pcbplotparams
      (layerselection 0x010fc_ffffffff)
      (usegerberextensions false)
      (usegerberattributes false)
      (usegerberadvancedattributes false)
      (creategerberjobfile false)
      (excludeedgelayer true)
      (linewidth 0.100000)
      (plotframeref false)
      (viasonmask false)
      (mode 1)
      (useauxorigin false)
      (hpglpennumber 1)
      (hpglpenspeed 20)
      (hpglpendiameter 15.000000)
      (psnegative false)
      (psa4output false)
      (plotreference true)
      (plotvalue true)
      (plotinvisibletext false)
      (padsonsilk false)
      (subtractmaskfromsilk false)
      (outputformat 1)
      (mirror false)
      (drillshape 0)
      (scaleselection 1)
      (outputdirectory "CAM"))
  )

  (net 0 "")
  (net 1 "Net-(C1-Pad1)")
  (net 2 "Net-(C5-Pad2)")
  (net 3 "Net-(C1-Pad2)")
  (net 4 "Net-(C4-Pad1)")
  (net 5 "Net-(C4-Pad2)")
  (net 6 "Net-(C6-Pad2)")
  (net 7 /RTS)
  (net 8 /CTS)
  (net 9 /RXD)
  (net 10 /TXD)
  (net 11 GND)
  (net 12 +5V)
  (net 13 "Net-(U1-Pad1)")
  (net 14 "Net-(U1-Pad2)")
  (net 15 "Net-(U1-Pad3)")
  (net 16 "Net-(U1-Pad4)")
  (net 17 "Net-(U1-Pad5)")
  (net 18 "Net-(U1-Pad6)")
  (net 19 "Net-(U1-Pad7)")
  (net 20 "Net-(U1-Pad8)")
  (net 21 "Net-(U1-Pad9)")
  (net 22 "Net-(U1-Pad10)")
  (net 23 "Net-(U1-Pad11)")
  (net 24 "Net-(U1-Pad21)")
  (net 25 "Net-(U1-Pad22)")
  (net 26 "Net-(U1-Pad24)")
  (net 27 "Net-(U1-Pad25)")
  (net 28 "Net-(U1-Pad26)")
  (net 29 "Net-(U1-Pad27)")
  (net 30 "Net-(U1-Pad28)")
  (net 31 "Net-(U1-Pad29)")
  (net 32 "Net-(U1-Pad30)")
  (net 33 "Net-(U1-Pad31)")
  (net 34 "Net-(U1-Pad33)")
  (net 35 "Net-(U1-Pad34)")
  (net 36 "Net-(U1-Pad35)")
  (net 37 "Net-(U1-Pad36)")
  (net 38 "Net-(U1-Pad37)")
  (net 39 /DCD)
  (net 40 /DTR)
  (net 41 /DSR)
  (net 42 /RI)
  (net 43 "Net-(J3-Pad1)")
  (net 44 "Net-(J3-Pad4)")
  (net 45 "Net-(J3-Pad6)")
  (net 46 "Net-(J3-Pad9)")
  (net 47 "Net-(R1-Pad1)")
  (net 48 "Net-(R1-Pad2)")
  (net 49 "Net-(R2-Pad2)")
  (net 50 "Net-(R2-Pad1)")
  (net 51 "Net-(R3-Pad1)")
  (net 52 "Net-(R3-Pad2)")
  (net 53 "Net-(R4-Pad2)")
  (net 54 "Net-(R4-Pad1)")
  (net 55 "Net-(U1-Pad20)")
  (net 56 "Net-(U1-Pad18)")
  (net 57 "Net-(U1-Pad17)")
  (net 58 "Net-(U1-Pad16)")

  (net_class Default "This is the default net class."
    (clearance 0.2)
    (trace_width 0.25)
    (via_dia 0.8)
    (via_drill 0.4)
    (uvia_dia 0.3)
    (uvia_drill 0.1)
    (add_net +5V)
    (add_net /CTS)
    (add_net /DCD)
    (add_net /DSR)
    (add_net /DTR)
    (add_net /RI)
    (add_net /RTS)
    (add_net /RXD)
    (add_net /TXD)
    (add_net GND)
    (add_net "Net-(C1-Pad1)")
    (add_net "Net-(C1-Pad2)")
    (add_net "Net-(C4-Pad1)")
    (add_net "Net-(C4-Pad2)")
    (add_net "Net-(C5-Pad2)")
    (add_net "Net-(C6-Pad2)")
    (add_net "Net-(J3-Pad1)")
    (add_net "Net-(J3-Pad4)")
    (add_net "Net-(J3-Pad6)")
    (add_net "Net-(J3-Pad9)")
    (add_net "Net-(R1-Pad1)")
    (add_net "Net-(R1-Pad2)")
    (add_net "Net-(R2-Pad1)")
    (add_net "Net-(R2-Pad2)")
    (add_net "Net-(R3-Pad1)")
    (add_net "Net-(R3-Pad2)")
    (add_net "Net-(R4-Pad1)")
    (add_net "Net-(R4-Pad2)")
    (add_net "Net-(U1-Pad1)")
    (add_net "Net-(U1-Pad10)")
    (add_net "Net-(U1-Pad11)")
    (add_net "Net-(U1-Pad16)")
    (add_net "Net-(U1-Pad17)")
    (add_net "Net-(U1-Pad18)")
    (add_net "Net-(U1-Pad2)")
    (add_net "Net-(U1-Pad20)")
    (add_net "Net-(U1-Pad21)")
    (add_net "Net-(U1-Pad22)")
    (add_net "Net-(U1-Pad24)")
    (add_net "Net-(U1-Pad25)")
    (add_net "Net-(U1-Pad26)")
    (add_net "Net-(U1-Pad27)")
    (add_net "Net-(U1-Pad28)")
    (add_net "Net-(U1-Pad29)")
    (add_net "Net-(U1-Pad3)")
    (add_net "Net-(U1-Pad30)")
    (add_net "Net-(U1-Pad31)")
    (add_net "Net-(U1-Pad33)")
    (add_net "Net-(U1-Pad34)")
    (add_net "Net-(U1-Pad35)")
    (add_net "Net-(U1-Pad36)")
    (add_net "Net-(U1-Pad37)")
    (add_net "Net-(U1-Pad4)")
    (add_net "Net-(U1-Pad5)")
    (add_net "Net-(U1-Pad6)")
    (add_net "Net-(U1-Pad7)")
    (add_net "Net-(U1-Pad8)")
    (add_net "Net-(U1-Pad9)")
  )

  (module ESP-GPIB:ESP32_DevKit_C (layer F.Cu) (tedit 5E72E5F2) (tstamp 5E606D95)
    (at 125 83.5)
    (path /5E4056AF)
    (fp_text reference U1 (at 0 -17.78) (layer F.SilkS)
      (effects (font (size 1 1) (thickness 0.15)))
    )
    (fp_text value ESP32_DevKitC (at 0 -20.32) (layer F.Fab)
      (effects (font (size 1 1) (thickness 0.15)))
    )
    (fp_line (start 3.81 20.32) (end 3.81 26.67) (layer F.SilkS) (width 0.15))
    (fp_line (start -3.81 20.32) (end 3.81 20.32) (layer F.SilkS) (width 0.15))
    (fp_line (start -3.81 26.67) (end -3.81 20.32) (layer F.SilkS) (width 0.15))
    (fp_line (start -13.97 -22.86) (end -13.97 -21.59) (layer F.SilkS) (width 0.15))
    (fp_line (start 13.97 -22.86) (end -13.97 -22.86) (layer F.SilkS) (width 0.15))
    (fp_line (start 13.97 26.67) (end 13.97 -22.86) (layer F.SilkS) (width 0.15))
    (fp_line (start -13.97 26.67) (end 13.97 26.67) (layer F.SilkS) (width 0.15))
    (fp_line (start -13.97 -21.59) (end -13.97 26.67) (layer F.SilkS) (width 0.15))
    (fp_text user "KEEP OUT" (at 0 -25.4) (layer Cmts.User)
      (effects (font (size 2 2) (thickness 0.15)))
    )
    (fp_line (start 3.81 -22.86) (end 8.89 -27.94) (layer Dwgs.User) (width 0.15))
    (fp_line (start -1.27 -22.86) (end 3.81 -27.94) (layer Dwgs.User) (width 0.15))
    (fp_line (start -6.35 -22.86) (end -1.27 -27.94) (layer Dwgs.User) (width 0.15))
    (fp_line (start -11.43 -22.86) (end -6.35 -27.94) (layer Dwgs.User) (width 0.15))
    (fp_line (start 11.43 -22.86) (end -11.43 -22.86) (layer Dwgs.User) (width 0.15))
    (fp_line (start 11.43 -27.94) (end 11.43 -22.86) (layer Dwgs.User) (width 0.15))
    (fp_line (start -11.43 -27.94) (end 11.43 -27.94) (layer Dwgs.User) (width 0.15))
    (fp_line (start -11.43 -22.86) (end -11.43 -27.94) (layer Dwgs.User) (width 0.15))
    (pad 38 thru_hole circle (at 12.7 -20.32) (size 1.5 1.5) (drill 1.02) (layers *.Cu *.Mask)
      (net 11 GND))
    (pad 37 thru_hole circle (at 12.7 -17.78) (size 1.5 1.5) (drill 1.02) (layers *.Cu *.Mask)
      (net 38 "Net-(U1-Pad37)"))
    (pad 36 thru_hole circle (at 12.7 -15.24) (size 1.5 1.5) (drill 1.02) (layers *.Cu *.Mask)
      (net 37 "Net-(U1-Pad36)"))
    (pad 35 thru_hole circle (at 12.7 -12.7) (size 1.5 1.5) (drill 1.02) (layers *.Cu *.Mask)
      (net 36 "Net-(U1-Pad35)"))
    (pad 34 thru_hole circle (at 12.7 -10.16) (size 1.5 1.5) (drill 1.02) (layers *.Cu *.Mask)
      (net 35 "Net-(U1-Pad34)"))
    (pad 33 thru_hole circle (at 12.7 -7.62) (size 1.5 1.5) (drill 1.02) (layers *.Cu *.Mask)
      (net 34 "Net-(U1-Pad33)"))
    (pad 32 thru_hole circle (at 12.7 -5.08) (size 1.5 1.5) (drill 1.02) (layers *.Cu *.Mask)
      (net 11 GND))
    (pad 31 thru_hole circle (at 12.7 -2.54) (size 1.5 1.5) (drill 1.02) (layers *.Cu *.Mask)
      (net 33 "Net-(U1-Pad31)"))
    (pad 30 thru_hole circle (at 12.7 0) (size 1.5 1.5) (drill 1.02) (layers *.Cu *.Mask)
      (net 32 "Net-(U1-Pad30)"))
    (pad 29 thru_hole circle (at 12.7 2.54) (size 1.5 1.5) (drill 1.02) (layers *.Cu *.Mask)
      (net 31 "Net-(U1-Pad29)"))
    (pad 28 thru_hole circle (at 12.7 5.08) (size 1.5 1.5) (drill 1.02) (layers *.Cu *.Mask)
      (net 30 "Net-(U1-Pad28)"))
    (pad 27 thru_hole circle (at 12.7 7.62) (size 1.5 1.5) (drill 1.02) (layers *.Cu *.Mask)
      (net 29 "Net-(U1-Pad27)"))
    (pad 26 thru_hole circle (at 12.7 10.16) (size 1.5 1.5) (drill 1.02) (layers *.Cu *.Mask)
      (net 28 "Net-(U1-Pad26)"))
    (pad 25 thru_hole circle (at 12.7 12.7) (size 1.5 1.5) (drill 1.02) (layers *.Cu *.Mask)
      (net 27 "Net-(U1-Pad25)"))
    (pad 24 thru_hole circle (at 12.7 15.24) (size 1.5 1.5) (drill 1.02) (layers *.Cu *.Mask)
      (net 26 "Net-(U1-Pad24)"))
    (pad 23 thru_hole circle (at 12.7 17.78) (size 1.5 1.5) (drill 1.02) (layers *.Cu *.Mask)
      (net 49 "Net-(R2-Pad2)"))
    (pad 22 thru_hole circle (at 12.7 20.32) (size 1.5 1.5) (drill 1.02) (layers *.Cu *.Mask)
      (net 25 "Net-(U1-Pad22)"))
    (pad 21 thru_hole circle (at 12.7 22.86) (size 1.5 1.5) (drill 1.02) (layers *.Cu *.Mask)
      (net 24 "Net-(U1-Pad21)"))
    (pad 20 thru_hole circle (at 12.7 25.4) (size 1.5 1.5) (drill 1.02) (layers *.Cu *.Mask)
      (net 55 "Net-(U1-Pad20)"))
    (pad 19 thru_hole circle (at -12.7 25.4) (size 1.5 1.5) (drill 1.02) (layers *.Cu *.Mask)
      (net 12 +5V))
    (pad 18 thru_hole circle (at -12.7 22.86) (size 1.5 1.5) (drill 1.02) (layers *.Cu *.Mask)
      (net 56 "Net-(U1-Pad18)"))
    (pad 17 thru_hole circle (at -12.7 20.32) (size 1.5 1.5) (drill 1.02) (layers *.Cu *.Mask)
      (net 57 "Net-(U1-Pad17)"))
    (pad 16 thru_hole circle (at -12.7 17.78) (size 1.5 1.5) (drill 1.02) (layers *.Cu *.Mask)
      (net 58 "Net-(U1-Pad16)"))
    (pad 15 thru_hole circle (at -12.7 15.24) (size 1.5 1.5) (drill 1.02) (layers *.Cu *.Mask)
      (net 48 "Net-(R1-Pad2)"))
    (pad 14 thru_hole circle (at -12.7 12.7) (size 1.5 1.5) (drill 1.02) (layers *.Cu *.Mask)
      (net 11 GND))
    (pad 13 thru_hole circle (at -12.7 10.16) (size 1.5 1.5) (drill 1.02) (layers *.Cu *.Mask)
      (net 52 "Net-(R3-Pad2)"))
    (pad 12 thru_hole circle (at -12.7 7.62) (size 1.5 1.5) (drill 1.02) (layers *.Cu *.Mask)
      (net 53 "Net-(R4-Pad2)"))
    (pad 11 thru_hole circle (at -12.7 5.08) (size 1.5 1.5) (drill 1.02) (layers *.Cu *.Mask)
      (net 23 "Net-(U1-Pad11)"))
    (pad 10 thru_hole circle (at -12.7 2.54) (size 1.5 1.5) (drill 1.02) (layers *.Cu *.Mask)
      (net 22 "Net-(U1-Pad10)"))
    (pad 9 thru_hole circle (at -12.7 0) (size 1.5 1.5) (drill 1.02) (layers *.Cu *.Mask)
      (net 21 "Net-(U1-Pad9)"))
    (pad 8 thru_hole circle (at -12.7 -2.54) (size 1.5 1.5) (drill 1.02) (layers *.Cu *.Mask)
      (net 20 "Net-(U1-Pad8)"))
    (pad 7 thru_hole circle (at -12.7 -5.08) (size 1.5 1.5) (drill 1.02) (layers *.Cu *.Mask)
      (net 19 "Net-(U1-Pad7)"))
    (pad 6 thru_hole circle (at -12.7 -7.62) (size 1.5 1.5) (drill 1.02) (layers *.Cu *.Mask)
      (net 18 "Net-(U1-Pad6)"))
    (pad 5 thru_hole circle (at -12.7 -10.16) (size 1.5 1.5) (drill 1.02) (layers *.Cu *.Mask)
      (net 17 "Net-(U1-Pad5)"))
    (pad 4 thru_hole circle (at -12.7 -12.7) (size 1.5 1.5) (drill 1.02) (layers *.Cu *.Mask)
      (net 16 "Net-(U1-Pad4)"))
    (pad 3 thru_hole circle (at -12.7 -15.24) (size 1.5 1.5) (drill 1.02) (layers *.Cu *.Mask)
      (net 15 "Net-(U1-Pad3)"))
    (pad 2 thru_hole circle (at -12.7 -17.78) (size 1.5 1.5) (drill 1.02) (layers *.Cu *.Mask)
      (net 14 "Net-(U1-Pad2)"))
    (pad 1 thru_hole circle (at -12.7 -20.32) (size 1.5 1.5) (drill 1.02) (layers *.Cu *.Mask)
      (net 13 "Net-(U1-Pad1)"))
  )

  (module ESP-GPIB:MC (layer F.Cu) (tedit 5E5EEE99) (tstamp 5E97E677)
    (at 147.18 64.04)
    (path /5E992521)
    (fp_text reference SYM1 (at -2.54 -4.58) (layer F.SilkS)
      (effects (font (size 1 1) (thickness 0.15)))
    )
    (fp_text value Logo (at -2.54 -5.58) (layer F.Fab)
      (effects (font (size 1 1) (thickness 0.15)))
    )
    (fp_line (start -5.08 -2.54) (end -1.27 -2.54) (layer F.Cu) (width 0.25))
    (fp_line (start -1.27 -2.54) (end 0 -1.27) (layer F.Cu) (width 0.25))
    (fp_line (start 0 2.54) (end 1.27 3.81) (layer F.Cu) (width 0.25))
    (fp_line (start 1.27 3.81) (end 3.81 3.81) (layer F.Cu) (width 0.25))
    (fp_line (start 0 0) (end 3.81 0) (layer F.Cu) (width 0.25))
    (fp_line (start -2.54 -2.54) (end -2.54 1.27) (layer F.Cu) (width 0.25))
    (fp_line (start -5.08 -2.54) (end -5.08 1.27) (layer F.Cu) (width 0.25))
    (fp_line (start 0 -1.27) (end 0 2.54) (layer F.Cu) (width 0.25))
    (fp_line (start 3.81 0) (end 3.81 3.81) (layer B.Cu) (width 0.25))
    (fp_line (start 3.81 0) (end 0 0) (layer B.Cu) (width 0.25))
    (fp_line (start 0 0) (end -1.27 1.27) (layer B.Cu) (width 0.25))
    (fp_line (start -1.27 1.27) (end -3.81 1.27) (layer B.Cu) (width 0.25))
    (fp_line (start -1.27 1.27) (end -1.27 3.81) (layer B.Cu) (width 0.25))
    (fp_line (start 1.27 0) (end 1.27 3.81) (layer B.Cu) (width 0.25))
    (fp_line (start 0 0) (end 0 -1.27) (layer B.Cu) (width 0.25))
    (fp_line (start 0 -1.27) (end -1.27 -2.54) (layer B.Cu) (width 0.25))
    (fp_line (start -1.27 -2.54) (end -5.08 -2.54) (layer B.Cu) (width 0.25))
    (pad "" thru_hole circle (at -5.08 -2.54) (size 1.524 1.524) (drill 0.762) (layers *.Cu)
      (zone_connect 0))
    (pad "" thru_hole circle (at 3.81 3.81) (size 1.524 1.524) (drill 0.762) (layers *.Cu)
      (zone_connect 0))
  )

  (module Resistor_SMD:R_1206_3216Metric (layer B.Cu) (tedit 5E72E779) (tstamp 5E6063A9)
    (at 123.8 99.3 180)
    (descr "Resistor SMD 1206 (3216 Metric), square (rectangular) end terminal, IPC_7351 nominal, (Body size source: http://www.tortai-tech.com/upload/download/2011102023233369053.pdf), generated with kicad-footprint-generator")
    (tags resistor)
    (path /5E60941A)
    (attr smd)
    (fp_text reference R4 (at 3.6 -0.265001 180) (layer B.SilkS)
      (effects (font (size 1 1) (thickness 0.15)) (justify mirror))
    )
    (fp_text value 0R (at 0 -1.82 180) (layer B.Fab) hide
      (effects (font (size 1 1) (thickness 0.15)) (justify mirror))
    )
    (fp_text user %R (at 3.1 0 180) (layer B.Fab)
      (effects (font (size 0.8 0.8) (thickness 0.12)) (justify mirror))
    )
    (fp_line (start 2.28 -1.12) (end -2.28 -1.12) (layer B.CrtYd) (width 0.05))
    (fp_line (start 2.28 1.12) (end 2.28 -1.12) (layer B.CrtYd) (width 0.05))
    (fp_line (start -2.28 1.12) (end 2.28 1.12) (layer B.CrtYd) (width 0.05))
    (fp_line (start -2.28 -1.12) (end -2.28 1.12) (layer B.CrtYd) (width 0.05))
    (fp_line (start -0.602064 -0.91) (end 0.602064 -0.91) (layer B.SilkS) (width 0.12))
    (fp_line (start -0.602064 0.91) (end 0.602064 0.91) (layer B.SilkS) (width 0.12))
    (fp_line (start 1.6 -0.8) (end -1.6 -0.8) (layer B.Fab) (width 0.1))
    (fp_line (start 1.6 0.8) (end 1.6 -0.8) (layer B.Fab) (width 0.1))
    (fp_line (start -1.6 0.8) (end 1.6 0.8) (layer B.Fab) (width 0.1))
    (fp_line (start -1.6 -0.8) (end -1.6 0.8) (layer B.Fab) (width 0.1))
    (pad 2 smd roundrect (at 1.4 0 180) (size 1.25 1.75) (layers B.Cu B.Paste B.Mask) (roundrect_rratio 0.2)
      (net 53 "Net-(R4-Pad2)"))
    (pad 1 smd roundrect (at -1.4 0 180) (size 1.25 1.75) (layers B.Cu B.Paste B.Mask) (roundrect_rratio 0.2)
      (net 54 "Net-(R4-Pad1)"))
    (model ${KISYS3DMOD}/Resistor_SMD.3dshapes/R_1206_3216Metric.wrl
      (at (xyz 0 0 0))
      (scale (xyz 1 1 1))
      (rotate (xyz 0 0 0))
    )
  )

  (module Resistor_SMD:R_1206_3216Metric (layer B.Cu) (tedit 5E72E792) (tstamp 5E605C2C)
    (at 123.8 104.5 180)
    (descr "Resistor SMD 1206 (3216 Metric), square (rectangular) end terminal, IPC_7351 nominal, (Body size source: http://www.tortai-tech.com/upload/download/2011102023233369053.pdf), generated with kicad-footprint-generator")
    (tags resistor)
    (path /5E6093E8)
    (attr smd)
    (fp_text reference R3 (at 3.6 -0.03 180) (layer B.SilkS)
      (effects (font (size 1 1) (thickness 0.15)) (justify mirror))
    )
    (fp_text value 0R (at 3.1 -0.03 180) (layer B.Fab) hide
      (effects (font (size 1 1) (thickness 0.15)) (justify mirror))
    )
    (fp_line (start -1.6 -0.8) (end -1.6 0.8) (layer B.Fab) (width 0.1))
    (fp_line (start -1.6 0.8) (end 1.6 0.8) (layer B.Fab) (width 0.1))
    (fp_line (start 1.6 0.8) (end 1.6 -0.8) (layer B.Fab) (width 0.1))
    (fp_line (start 1.6 -0.8) (end -1.6 -0.8) (layer B.Fab) (width 0.1))
    (fp_line (start -0.602064 0.91) (end 0.602064 0.91) (layer B.SilkS) (width 0.12))
    (fp_line (start -0.602064 -0.91) (end 0.602064 -0.91) (layer B.SilkS) (width 0.12))
    (fp_line (start -2.28 -1.12) (end -2.28 1.12) (layer B.CrtYd) (width 0.05))
    (fp_line (start -2.28 1.12) (end 2.28 1.12) (layer B.CrtYd) (width 0.05))
    (fp_line (start 2.28 1.12) (end 2.28 -1.12) (layer B.CrtYd) (width 0.05))
    (fp_line (start 2.28 -1.12) (end -2.28 -1.12) (layer B.CrtYd) (width 0.05))
    (fp_text user %R (at 3.6 0 180) (layer B.Fab)
      (effects (font (size 0.8 0.8) (thickness 0.12)) (justify mirror))
    )
    (pad 1 smd roundrect (at -1.4 0 180) (size 1.25 1.75) (layers B.Cu B.Paste B.Mask) (roundrect_rratio 0.2)
      (net 51 "Net-(R3-Pad1)"))
    (pad 2 smd roundrect (at 1.4 0 180) (size 1.25 1.75) (layers B.Cu B.Paste B.Mask) (roundrect_rratio 0.2)
      (net 52 "Net-(R3-Pad2)"))
    (model ${KISYS3DMOD}/Resistor_SMD.3dshapes/R_1206_3216Metric.wrl
      (at (xyz 0 0 0))
      (scale (xyz 1 1 1))
      (rotate (xyz 0 0 0))
    )
  )

  (module Resistor_SMD:R_1206_3216Metric (layer B.Cu) (tedit 5E72E786) (tstamp 5E605C1B)
    (at 123.7 101.8)
    (descr "Resistor SMD 1206 (3216 Metric), square (rectangular) end terminal, IPC_7351 nominal, (Body size source: http://www.tortai-tech.com/upload/download/2011102023233369053.pdf), generated with kicad-footprint-generator")
    (tags resistor)
    (path /5E6093AA)
    (attr smd)
    (fp_text reference R2 (at 3.6 0.205001) (layer B.SilkS)
      (effects (font (size 1 1) (thickness 0.15)) (justify mirror))
    )
    (fp_text value 1k (at 0 -1.82) (layer B.Fab) hide
      (effects (font (size 1 1) (thickness 0.15)) (justify mirror))
    )
    (fp_text user %R (at 3.6 0.205001) (layer B.Fab)
      (effects (font (size 0.8 0.8) (thickness 0.12)) (justify mirror))
    )
    (fp_line (start 2.28 -1.12) (end -2.28 -1.12) (layer B.CrtYd) (width 0.05))
    (fp_line (start 2.28 1.12) (end 2.28 -1.12) (layer B.CrtYd) (width 0.05))
    (fp_line (start -2.28 1.12) (end 2.28 1.12) (layer B.CrtYd) (width 0.05))
    (fp_line (start -2.28 -1.12) (end -2.28 1.12) (layer B.CrtYd) (width 0.05))
    (fp_line (start -0.602064 -0.91) (end 0.602064 -0.91) (layer B.SilkS) (width 0.12))
    (fp_line (start -0.602064 0.91) (end 0.602064 0.91) (layer B.SilkS) (width 0.12))
    (fp_line (start 1.6 -0.8) (end -1.6 -0.8) (layer B.Fab) (width 0.1))
    (fp_line (start 1.6 0.8) (end 1.6 -0.8) (layer B.Fab) (width 0.1))
    (fp_line (start -1.6 0.8) (end 1.6 0.8) (layer B.Fab) (width 0.1))
    (fp_line (start -1.6 -0.8) (end -1.6 0.8) (layer B.Fab) (width 0.1))
    (pad 2 smd roundrect (at 1.4 0) (size 1.25 1.75) (layers B.Cu B.Paste B.Mask) (roundrect_rratio 0.2)
      (net 49 "Net-(R2-Pad2)"))
    (pad 1 smd roundrect (at -1.4 0) (size 1.25 1.75) (layers B.Cu B.Paste B.Mask) (roundrect_rratio 0.2)
      (net 50 "Net-(R2-Pad1)"))
    (model ${KISYS3DMOD}/Resistor_SMD.3dshapes/R_1206_3216Metric.wrl
      (at (xyz 0 0 0))
      (scale (xyz 1 1 1))
      (rotate (xyz 0 0 0))
    )
  )

  (module Resistor_SMD:R_1206_3216Metric (layer B.Cu) (tedit 5E72E775) (tstamp 5E605C0A)
    (at 123.8 107 180)
    (descr "Resistor SMD 1206 (3216 Metric), square (rectangular) end terminal, IPC_7351 nominal, (Body size source: http://www.tortai-tech.com/upload/download/2011102023233369053.pdf), generated with kicad-footprint-generator")
    (tags resistor)
    (path /5E606A84)
    (attr smd)
    (fp_text reference R1 (at 3.6 0 180) (layer B.SilkS)
      (effects (font (size 1 1) (thickness 0.15)) (justify mirror))
    )
    (fp_text value 1k (at 0.6 -0.5 180) (layer B.Fab) hide
      (effects (font (size 1 1) (thickness 0.15)) (justify mirror))
    )
    (fp_line (start -1.6 -0.8) (end -1.6 0.8) (layer B.Fab) (width 0.1))
    (fp_line (start -1.6 0.8) (end 1.6 0.8) (layer B.Fab) (width 0.1))
    (fp_line (start 1.6 0.8) (end 1.6 -0.8) (layer B.Fab) (width 0.1))
    (fp_line (start 1.6 -0.8) (end -1.6 -0.8) (layer B.Fab) (width 0.1))
    (fp_line (start -0.602064 0.91) (end 0.602064 0.91) (layer B.SilkS) (width 0.12))
    (fp_line (start -0.602064 -0.91) (end 0.602064 -0.91) (layer B.SilkS) (width 0.12))
    (fp_line (start -2.28 -1.12) (end -2.28 1.12) (layer B.CrtYd) (width 0.05))
    (fp_line (start -2.28 1.12) (end 2.28 1.12) (layer B.CrtYd) (width 0.05))
    (fp_line (start 2.28 1.12) (end 2.28 -1.12) (layer B.CrtYd) (width 0.05))
    (fp_line (start 2.28 -1.12) (end -2.28 -1.12) (layer B.CrtYd) (width 0.05))
    (fp_text user %R (at 3.1 0 180) (layer B.Fab)
      (effects (font (size 0.8 0.8) (thickness 0.12)) (justify mirror))
    )
    (pad 1 smd roundrect (at -1.4 0 180) (size 1.25 1.75) (layers B.Cu B.Paste B.Mask) (roundrect_rratio 0.2)
      (net 47 "Net-(R1-Pad1)"))
    (pad 2 smd roundrect (at 1.4 0 180) (size 1.25 1.75) (layers B.Cu B.Paste B.Mask) (roundrect_rratio 0.2)
      (net 48 "Net-(R1-Pad2)"))
    (model ${KISYS3DMOD}/Resistor_SMD.3dshapes/R_1206_3216Metric.wrl
      (at (xyz 0 0 0))
      (scale (xyz 1 1 1))
      (rotate (xyz 0 0 0))
    )
  )

  (module Capacitor_SMD:C_1206_3216Metric (layer B.Cu) (tedit 5B301BBE) (tstamp 5E5EEAAF)
    (at 128 80 270)
    (descr "Capacitor SMD 1206 (3216 Metric), square (rectangular) end terminal, IPC_7351 nominal, (Body size source: http://www.tortai-tech.com/upload/download/2011102023233369053.pdf), generated with kicad-footprint-generator")
    (tags capacitor)
    (path /5E413BEA)
    (attr smd)
    (fp_text reference C6 (at -3 0 180) (layer B.SilkS)
      (effects (font (size 1 1) (thickness 0.15)) (justify mirror))
    )
    (fp_text value 100n (at 0 -1.82 270) (layer B.Fab)
      (effects (font (size 1 1) (thickness 0.15)) (justify mirror))
    )
    (fp_text user %R (at -0.145001 0 270) (layer B.Fab)
      (effects (font (size 0.8 0.8) (thickness 0.12)) (justify mirror))
    )
    (fp_line (start 2.28 -1.12) (end -2.28 -1.12) (layer B.CrtYd) (width 0.05))
    (fp_line (start 2.28 1.12) (end 2.28 -1.12) (layer B.CrtYd) (width 0.05))
    (fp_line (start -2.28 1.12) (end 2.28 1.12) (layer B.CrtYd) (width 0.05))
    (fp_line (start -2.28 -1.12) (end -2.28 1.12) (layer B.CrtYd) (width 0.05))
    (fp_line (start -0.602064 -0.91) (end 0.602064 -0.91) (layer B.SilkS) (width 0.12))
    (fp_line (start -0.602064 0.91) (end 0.602064 0.91) (layer B.SilkS) (width 0.12))
    (fp_line (start 1.6 -0.8) (end -1.6 -0.8) (layer B.Fab) (width 0.1))
    (fp_line (start 1.6 0.8) (end 1.6 -0.8) (layer B.Fab) (width 0.1))
    (fp_line (start -1.6 0.8) (end 1.6 0.8) (layer B.Fab) (width 0.1))
    (fp_line (start -1.6 -0.8) (end -1.6 0.8) (layer B.Fab) (width 0.1))
    (pad 2 smd roundrect (at 1.4 0 270) (size 1.25 1.75) (layers B.Cu B.Paste B.Mask) (roundrect_rratio 0.2)
      (net 6 "Net-(C6-Pad2)"))
    (pad 1 smd roundrect (at -1.4 0 270) (size 1.25 1.75) (layers B.Cu B.Paste B.Mask) (roundrect_rratio 0.2)
      (net 11 GND))
    (model ${KISYS3DMOD}/Capacitor_SMD.3dshapes/C_1206_3216Metric.wrl
      (at (xyz 0 0 0))
      (scale (xyz 1 1 1))
      (rotate (xyz 0 0 0))
    )
  )

  (module Capacitor_SMD:C_1206_3216Metric (layer B.Cu) (tedit 5B301BBE) (tstamp 5E5EEA9E)
    (at 122 80 270)
    (descr "Capacitor SMD 1206 (3216 Metric), square (rectangular) end terminal, IPC_7351 nominal, (Body size source: http://www.tortai-tech.com/upload/download/2011102023233369053.pdf), generated with kicad-footprint-generator")
    (tags capacitor)
    (path /5E413B3F)
    (attr smd)
    (fp_text reference C5 (at -3 0) (layer B.SilkS)
      (effects (font (size 1 1) (thickness 0.15)) (justify mirror))
    )
    (fp_text value 100n (at 0 -1.82 270) (layer B.Fab)
      (effects (font (size 1 1) (thickness 0.15)) (justify mirror))
    )
    (fp_line (start -1.6 -0.8) (end -1.6 0.8) (layer B.Fab) (width 0.1))
    (fp_line (start -1.6 0.8) (end 1.6 0.8) (layer B.Fab) (width 0.1))
    (fp_line (start 1.6 0.8) (end 1.6 -0.8) (layer B.Fab) (width 0.1))
    (fp_line (start 1.6 -0.8) (end -1.6 -0.8) (layer B.Fab) (width 0.1))
    (fp_line (start -0.602064 0.91) (end 0.602064 0.91) (layer B.SilkS) (width 0.12))
    (fp_line (start -0.602064 -0.91) (end 0.602064 -0.91) (layer B.SilkS) (width 0.12))
    (fp_line (start -2.28 -1.12) (end -2.28 1.12) (layer B.CrtYd) (width 0.05))
    (fp_line (start -2.28 1.12) (end 2.28 1.12) (layer B.CrtYd) (width 0.05))
    (fp_line (start 2.28 1.12) (end 2.28 -1.12) (layer B.CrtYd) (width 0.05))
    (fp_line (start 2.28 -1.12) (end -2.28 -1.12) (layer B.CrtYd) (width 0.05))
    (fp_text user %R (at 0 0 270) (layer B.Fab)
      (effects (font (size 0.8 0.8) (thickness 0.12)) (justify mirror))
    )
    (pad 1 smd roundrect (at -1.4 0 270) (size 1.25 1.75) (layers B.Cu B.Paste B.Mask) (roundrect_rratio 0.2)
      (net 11 GND))
    (pad 2 smd roundrect (at 1.4 0 270) (size 1.25 1.75) (layers B.Cu B.Paste B.Mask) (roundrect_rratio 0.2)
      (net 2 "Net-(C5-Pad2)"))
    (model ${KISYS3DMOD}/Capacitor_SMD.3dshapes/C_1206_3216Metric.wrl
      (at (xyz 0 0 0))
      (scale (xyz 1 1 1))
      (rotate (xyz 0 0 0))
    )
  )

  (module Capacitor_SMD:C_1206_3216Metric (layer B.Cu) (tedit 5B301BBE) (tstamp 5E5EEA8D)
    (at 125 80 90)
    (descr "Capacitor SMD 1206 (3216 Metric), square (rectangular) end terminal, IPC_7351 nominal, (Body size source: http://www.tortai-tech.com/upload/download/2011102023233369053.pdf), generated with kicad-footprint-generator")
    (tags capacitor)
    (path /5E413B00)
    (attr smd)
    (fp_text reference C4 (at 3 0 180) (layer B.SilkS)
      (effects (font (size 1 1) (thickness 0.15)) (justify mirror))
    )
    (fp_text value 100n (at 0 -1.82 90) (layer B.Fab)
      (effects (font (size 1 1) (thickness 0.15)) (justify mirror))
    )
    (fp_text user %R (at 0 0 90) (layer B.Fab)
      (effects (font (size 0.8 0.8) (thickness 0.12)) (justify mirror))
    )
    (fp_line (start 2.28 -1.12) (end -2.28 -1.12) (layer B.CrtYd) (width 0.05))
    (fp_line (start 2.28 1.12) (end 2.28 -1.12) (layer B.CrtYd) (width 0.05))
    (fp_line (start -2.28 1.12) (end 2.28 1.12) (layer B.CrtYd) (width 0.05))
    (fp_line (start -2.28 -1.12) (end -2.28 1.12) (layer B.CrtYd) (width 0.05))
    (fp_line (start -0.602064 -0.91) (end 0.602064 -0.91) (layer B.SilkS) (width 0.12))
    (fp_line (start -0.602064 0.91) (end 0.602064 0.91) (layer B.SilkS) (width 0.12))
    (fp_line (start 1.6 -0.8) (end -1.6 -0.8) (layer B.Fab) (width 0.1))
    (fp_line (start 1.6 0.8) (end 1.6 -0.8) (layer B.Fab) (width 0.1))
    (fp_line (start -1.6 0.8) (end 1.6 0.8) (layer B.Fab) (width 0.1))
    (fp_line (start -1.6 -0.8) (end -1.6 0.8) (layer B.Fab) (width 0.1))
    (pad 2 smd roundrect (at 1.4 0 90) (size 1.25 1.75) (layers B.Cu B.Paste B.Mask) (roundrect_rratio 0.2)
      (net 5 "Net-(C4-Pad2)"))
    (pad 1 smd roundrect (at -1.4 0 90) (size 1.25 1.75) (layers B.Cu B.Paste B.Mask) (roundrect_rratio 0.2)
      (net 4 "Net-(C4-Pad1)"))
    (model ${KISYS3DMOD}/Capacitor_SMD.3dshapes/C_1206_3216Metric.wrl
      (at (xyz 0 0 0))
      (scale (xyz 1 1 1))
      (rotate (xyz 0 0 0))
    )
  )

  (module Capacitor_SMD:C_1206_3216Metric (layer B.Cu) (tedit 5B301BBE) (tstamp 5E606F75)
    (at 120.6 93)
    (descr "Capacitor SMD 1206 (3216 Metric), square (rectangular) end terminal, IPC_7351 nominal, (Body size source: http://www.tortai-tech.com/upload/download/2011102023233369053.pdf), generated with kicad-footprint-generator")
    (tags capacitor)
    (path /5E5F120D)
    (attr smd)
    (fp_text reference C3 (at -5.1 0) (layer B.SilkS)
      (effects (font (size 1 1) (thickness 0.15)) (justify mirror))
    )
    (fp_text value 10n (at 0 -1.82) (layer B.Fab)
      (effects (font (size 1 1) (thickness 0.15)) (justify mirror))
    )
    (fp_line (start -1.6 -0.8) (end -1.6 0.8) (layer B.Fab) (width 0.1))
    (fp_line (start -1.6 0.8) (end 1.6 0.8) (layer B.Fab) (width 0.1))
    (fp_line (start 1.6 0.8) (end 1.6 -0.8) (layer B.Fab) (width 0.1))
    (fp_line (start 1.6 -0.8) (end -1.6 -0.8) (layer B.Fab) (width 0.1))
    (fp_line (start -0.602064 0.91) (end 0.602064 0.91) (layer B.SilkS) (width 0.12))
    (fp_line (start -0.602064 -0.91) (end 0.602064 -0.91) (layer B.SilkS) (width 0.12))
    (fp_line (start -2.28 -1.12) (end -2.28 1.12) (layer B.CrtYd) (width 0.05))
    (fp_line (start -2.28 1.12) (end 2.28 1.12) (layer B.CrtYd) (width 0.05))
    (fp_line (start 2.28 1.12) (end 2.28 -1.12) (layer B.CrtYd) (width 0.05))
    (fp_line (start 2.28 -1.12) (end -2.28 -1.12) (layer B.CrtYd) (width 0.05))
    (fp_text user %R (at 0 0) (layer B.Fab)
      (effects (font (size 0.8 0.8) (thickness 0.12)) (justify mirror))
    )
    (pad 1 smd roundrect (at -1.4 0) (size 1.25 1.75) (layers B.Cu B.Paste B.Mask) (roundrect_rratio 0.2)
      (net 12 +5V))
    (pad 2 smd roundrect (at 1.4 0) (size 1.25 1.75) (layers B.Cu B.Paste B.Mask) (roundrect_rratio 0.2)
      (net 11 GND))
    (model ${KISYS3DMOD}/Capacitor_SMD.3dshapes/C_1206_3216Metric.wrl
      (at (xyz 0 0 0))
      (scale (xyz 1 1 1))
      (rotate (xyz 0 0 0))
    )
  )

  (module Capacitor_SMD:C_1206_3216Metric (layer B.Cu) (tedit 5B301BBE) (tstamp 5E5EEA6B)
    (at 120.6 95)
    (descr "Capacitor SMD 1206 (3216 Metric), square (rectangular) end terminal, IPC_7351 nominal, (Body size source: http://www.tortai-tech.com/upload/download/2011102023233369053.pdf), generated with kicad-footprint-generator")
    (tags capacitor)
    (path /5E5F1165)
    (attr smd)
    (fp_text reference C2 (at -3.6 0) (layer B.SilkS)
      (effects (font (size 1 1) (thickness 0.15)) (justify mirror))
    )
    (fp_text value 100n (at 0 -1.82) (layer B.Fab)
      (effects (font (size 1 1) (thickness 0.15)) (justify mirror))
    )
    (fp_text user %R (at 0 0 180) (layer B.Fab)
      (effects (font (size 0.8 0.8) (thickness 0.12)) (justify mirror))
    )
    (fp_line (start 2.28 -1.12) (end -2.28 -1.12) (layer B.CrtYd) (width 0.05))
    (fp_line (start 2.28 1.12) (end 2.28 -1.12) (layer B.CrtYd) (width 0.05))
    (fp_line (start -2.28 1.12) (end 2.28 1.12) (layer B.CrtYd) (width 0.05))
    (fp_line (start -2.28 -1.12) (end -2.28 1.12) (layer B.CrtYd) (width 0.05))
    (fp_line (start -0.602064 -0.91) (end 0.602064 -0.91) (layer B.SilkS) (width 0.12))
    (fp_line (start -0.602064 0.91) (end 0.602064 0.91) (layer B.SilkS) (width 0.12))
    (fp_line (start 1.6 -0.8) (end -1.6 -0.8) (layer B.Fab) (width 0.1))
    (fp_line (start 1.6 0.8) (end 1.6 -0.8) (layer B.Fab) (width 0.1))
    (fp_line (start -1.6 0.8) (end 1.6 0.8) (layer B.Fab) (width 0.1))
    (fp_line (start -1.6 -0.8) (end -1.6 0.8) (layer B.Fab) (width 0.1))
    (pad 2 smd roundrect (at 1.4 0) (size 1.25 1.75) (layers B.Cu B.Paste B.Mask) (roundrect_rratio 0.2)
      (net 11 GND))
    (pad 1 smd roundrect (at -1.4 0) (size 1.25 1.75) (layers B.Cu B.Paste B.Mask) (roundrect_rratio 0.2)
      (net 12 +5V))
    (model ${KISYS3DMOD}/Capacitor_SMD.3dshapes/C_1206_3216Metric.wrl
      (at (xyz 0 0 0))
      (scale (xyz 1 1 1))
      (rotate (xyz 0 0 0))
    )
  )

  (module Capacitor_SMD:C_1206_3216Metric (layer B.Cu) (tedit 5B301BBE) (tstamp 5E5EEA5A)
    (at 119 85 270)
    (descr "Capacitor SMD 1206 (3216 Metric), square (rectangular) end terminal, IPC_7351 nominal, (Body size source: http://www.tortai-tech.com/upload/download/2011102023233369053.pdf), generated with kicad-footprint-generator")
    (tags capacitor)
    (path /5E412BA7)
    (attr smd)
    (fp_text reference C1 (at 0 1.82 270) (layer B.SilkS)
      (effects (font (size 1 1) (thickness 0.15)) (justify mirror))
    )
    (fp_text value 100n (at 0 -1.82 270) (layer B.Fab)
      (effects (font (size 1 1) (thickness 0.15)) (justify mirror))
    )
    (fp_line (start -1.6 -0.8) (end -1.6 0.8) (layer B.Fab) (width 0.1))
    (fp_line (start -1.6 0.8) (end 1.6 0.8) (layer B.Fab) (width 0.1))
    (fp_line (start 1.6 0.8) (end 1.6 -0.8) (layer B.Fab) (width 0.1))
    (fp_line (start 1.6 -0.8) (end -1.6 -0.8) (layer B.Fab) (width 0.1))
    (fp_line (start -0.602064 0.91) (end 0.602064 0.91) (layer B.SilkS) (width 0.12))
    (fp_line (start -0.602064 -0.91) (end 0.602064 -0.91) (layer B.SilkS) (width 0.12))
    (fp_line (start -2.28 -1.12) (end -2.28 1.12) (layer B.CrtYd) (width 0.05))
    (fp_line (start -2.28 1.12) (end 2.28 1.12) (layer B.CrtYd) (width 0.05))
    (fp_line (start 2.28 1.12) (end 2.28 -1.12) (layer B.CrtYd) (width 0.05))
    (fp_line (start 2.28 -1.12) (end -2.28 -1.12) (layer B.CrtYd) (width 0.05))
    (fp_text user %R (at 0 -0.145001 270) (layer B.Fab)
      (effects (font (size 0.8 0.8) (thickness 0.12)) (justify mirror))
    )
    (pad 1 smd roundrect (at -1.4 0 270) (size 1.25 1.75) (layers B.Cu B.Paste B.Mask) (roundrect_rratio 0.2)
      (net 1 "Net-(C1-Pad1)"))
    (pad 2 smd roundrect (at 1.4 0 270) (size 1.25 1.75) (layers B.Cu B.Paste B.Mask) (roundrect_rratio 0.2)
      (net 3 "Net-(C1-Pad2)"))
    (model ${KISYS3DMOD}/Capacitor_SMD.3dshapes/C_1206_3216Metric.wrl
      (at (xyz 0 0 0))
      (scale (xyz 1 1 1))
      (rotate (xyz 0 0 0))
    )
  )

  (module Connector_Dsub:DSUB-9_Female_Horizontal_P2.77x2.84mm_EdgePinOffset7.70mm_Housed_MountingHolesOffset9.12mm (layer F.Cu) (tedit 5E5EF0AA) (tstamp 5E5EEA49)
    (at 145 88 90)
    (descr "9-pin D-Sub connector, horizontal/angled (90 deg), THT-mount, female, pitch 2.77x2.84mm, pin-PCB-offset 7.699999999999999mm, distance of mounting holes 25mm, distance of mounting holes to PCB edge 9.12mm, see https://disti-assets.s3.amazonaws.com/tonar/files/datasheets/16730.pdf")
    (tags "9-pin D-Sub connector horizontal angled 90deg THT female pitch 2.77x2.84mm pin-PCB-offset 7.699999999999999mm mounting-holes-distance 25mm mounting-hole-offset 25mm")
    (path /5E4182F3)
    (fp_text reference J3 (at 3 4.5 180) (layer F.SilkS)
      (effects (font (size 1 1) (thickness 0.15)))
    )
    (fp_text value "DCE Connector" (at 12 3.5 180) (layer F.SilkS)
      (effects (font (size 1 1) (thickness 0.15)))
    )
    (fp_arc (start -18.04 1.42) (end -19.64 1.42) (angle 180) (layer F.Fab) (width 0.1))
    (fp_arc (start 6.96 1.42) (end 5.36 1.42) (angle 180) (layer F.Fab) (width 0.1))
    (fp_line (start -20.965 -1.8) (end -20.965 10.54) (layer F.Fab) (width 0.1))
    (fp_line (start -20.965 10.54) (end 9.885 10.54) (layer F.Fab) (width 0.1))
    (fp_line (start 9.885 10.54) (end 9.885 -1.8) (layer F.Fab) (width 0.1))
    (fp_line (start 9.885 -1.8) (end -20.965 -1.8) (layer F.Fab) (width 0.1))
    (fp_line (start -20.965 10.54) (end -20.965 10.94) (layer F.Fab) (width 0.1))
    (fp_line (start -20.965 10.94) (end 9.885 10.94) (layer F.Fab) (width 0.1))
    (fp_line (start 9.885 10.94) (end 9.885 10.54) (layer F.Fab) (width 0.1))
    (fp_line (start 9.885 10.54) (end -20.965 10.54) (layer F.Fab) (width 0.1))
    (fp_line (start -13.69 10.94) (end -13.69 17.11) (layer F.Fab) (width 0.1))
    (fp_line (start -13.69 17.11) (end 2.61 17.11) (layer F.Fab) (width 0.1))
    (fp_line (start 2.61 17.11) (end 2.61 10.94) (layer F.Fab) (width 0.1))
    (fp_line (start 2.61 10.94) (end -13.69 10.94) (layer F.Fab) (width 0.1))
    (fp_line (start -20.54 10.94) (end -20.54 15.94) (layer F.Fab) (width 0.1))
    (fp_line (start -20.54 15.94) (end -15.54 15.94) (layer F.Fab) (width 0.1))
    (fp_line (start -15.54 15.94) (end -15.54 10.94) (layer F.Fab) (width 0.1))
    (fp_line (start -15.54 10.94) (end -20.54 10.94) (layer F.Fab) (width 0.1))
    (fp_line (start 4.46 10.94) (end 4.46 15.94) (layer F.Fab) (width 0.1))
    (fp_line (start 4.46 15.94) (end 9.46 15.94) (layer F.Fab) (width 0.1))
    (fp_line (start 9.46 15.94) (end 9.46 10.94) (layer F.Fab) (width 0.1))
    (fp_line (start 9.46 10.94) (end 4.46 10.94) (layer F.Fab) (width 0.1))
    (fp_line (start -19.64 10.54) (end -19.64 1.42) (layer F.Fab) (width 0.1))
    (fp_line (start -16.44 10.54) (end -16.44 1.42) (layer F.Fab) (width 0.1))
    (fp_line (start 5.36 10.54) (end 5.36 1.42) (layer F.Fab) (width 0.1))
    (fp_line (start 8.56 10.54) (end 8.56 1.42) (layer F.Fab) (width 0.1))
    (fp_line (start -21.025 10.48) (end -21.025 -1.86) (layer F.SilkS) (width 0.12))
    (fp_line (start -21.025 -1.86) (end 9.945 -1.86) (layer F.SilkS) (width 0.12))
    (fp_line (start 9.945 -1.86) (end 9.945 10.48) (layer F.SilkS) (width 0.12))
    (fp_line (start -0.25 -2.754338) (end 0.25 -2.754338) (layer F.SilkS) (width 0.12))
    (fp_line (start 0.25 -2.754338) (end 0 -2.321325) (layer F.SilkS) (width 0.12))
    (fp_line (start 0 -2.321325) (end -0.25 -2.754338) (layer F.SilkS) (width 0.12))
    (fp_line (start -21.5 -2.35) (end -21.5 17.65) (layer F.CrtYd) (width 0.05))
    (fp_line (start -21.5 17.65) (end 10.4 17.65) (layer F.CrtYd) (width 0.05))
    (fp_line (start 10.4 17.65) (end 10.4 -2.35) (layer F.CrtYd) (width 0.05))
    (fp_line (start 10.4 -2.35) (end -21.5 -2.35) (layer F.CrtYd) (width 0.05))
    (fp_text user %R (at -5.54 14.025 90) (layer F.Fab)
      (effects (font (size 1 1) (thickness 0.15)))
    )
    (pad 1 thru_hole rect (at 0 0 90) (size 1.6 1.6) (drill 1) (layers *.Cu *.Mask)
      (net 43 "Net-(J3-Pad1)"))
    (pad 2 thru_hole circle (at -2.77 0 90) (size 1.6 1.6) (drill 1) (layers *.Cu *.Mask)
      (net 10 /TXD))
    (pad 3 thru_hole circle (at -5.54 0 90) (size 1.6 1.6) (drill 1) (layers *.Cu *.Mask)
      (net 9 /RXD))
    (pad 4 thru_hole circle (at -8.31 0 90) (size 1.6 1.6) (drill 1) (layers *.Cu *.Mask)
      (net 44 "Net-(J3-Pad4)"))
    (pad 5 thru_hole circle (at -11.08 0 90) (size 1.6 1.6) (drill 1) (layers *.Cu *.Mask)
      (net 11 GND))
    (pad 6 thru_hole circle (at -1.385 2.84 90) (size 1.6 1.6) (drill 1) (layers *.Cu *.Mask)
      (net 45 "Net-(J3-Pad6)"))
    (pad 7 thru_hole circle (at -4.155 2.84 90) (size 1.6 1.6) (drill 1) (layers *.Cu *.Mask)
      (net 8 /CTS))
    (pad 8 thru_hole circle (at -6.925 2.84 90) (size 1.6 1.6) (drill 1) (layers *.Cu *.Mask)
      (net 7 /RTS))
    (pad 9 thru_hole circle (at -9.695 2.84 90) (size 1.6 1.6) (drill 1) (layers *.Cu *.Mask)
      (net 46 "Net-(J3-Pad9)"))
    (pad 0 thru_hole circle (at -18.04 1.42 90) (size 4 4) (drill 3.2) (layers *.Cu *.Mask))
    (pad 0 thru_hole circle (at 6.96 1.42 90) (size 4 4) (drill 3.2) (layers *.Cu *.Mask))
    (model ${KISYS3DMOD}/Connector_Dsub.3dshapes/DSUB-9_Female_Horizontal_P2.77x2.84mm_EdgePinOffset7.70mm_Housed_MountingHolesOffset9.12mm.wrl
      (at (xyz 0 0 0))
      (scale (xyz 1 1 1))
      (rotate (xyz 0 0 0))
    )
  )

  (module Connector_Dsub:DSUB-9_Male_Horizontal_P2.77x2.84mm_EdgePinOffset7.70mm_Housed_MountingHolesOffset9.12mm (layer F.Cu) (tedit 5E5EF09A) (tstamp 5E5EEA15)
    (at 105 88 270)
    (descr "9-pin D-Sub connector, horizontal/angled (90 deg), THT-mount, male, pitch 2.77x2.84mm, pin-PCB-offset 7.699999999999999mm, distance of mounting holes 25mm, distance of mounting holes to PCB edge 9.12mm, see https://disti-assets.s3.amazonaws.com/tonar/files/datasheets/16730.pdf")
    (tags "9-pin D-Sub connector horizontal angled 90deg THT male pitch 2.77x2.84mm pin-PCB-offset 7.699999999999999mm mounting-holes-distance 25mm mounting-hole-offset 25mm")
    (path /5E405BDF)
    (fp_text reference J2 (at -2 4.5) (layer F.SilkS)
      (effects (font (size 1 1) (thickness 0.15)))
    )
    (fp_text value "DTE Connector" (at -12 3.5) (layer F.SilkS)
